LocalVec selected randomly
2 : 0.4523873822861232,0.33848311339230136,0.9325780980110324,0.56344690917107
6 : 0.41176592669032097,0.10208411586193863,0.9103247069654858,0.6532638214036393
8 : 0.34409839385592483,0.11311395349498107,0.9913566531874733,0.5699905192967161
12 : 0.42289518089230643,0.28173799513023373,0.8915905317871955,0.7284811180361569
14 : 0.28048084269231177,0.10522691355596442,0.9386244232405966,0.565799904541291
1 : 0.3697461267120109,0.23742639663845277,0.23721559687890895,0.9374812027962753
5 : 0.32423838595647714,0.17526677898784962,0.9753434645980651,0.6570084462077806
9 : 0.3117268920773114,0.14185131241600005,0.3337013501174388,0.9913442419735675
11 : 0.25372325067404344,0.10135807330398297,1.0041768203887238,0.5643310301707342
13 : 0.2639435317781582,0.001755012700227973,0.9932990179374198,0.5733051594961326
RDD vectors
0 : 0.22927538045041368,0.15741606830001126,1.0369713094108526,0.5886610469170037
4 : 0.4762152048670849,0.3393761589060125,1.0010751673490832,0.6829956713214204
10 : 0.33554994971096114,0.0426881343209959,1.010578292321262,0.635855385641787
3 : 0.3253983810338372,0.18084496120864135,0.23457784311942967,0.9079376841285469
7 : 0.3041785167695024,0.23210008647195668,0.20134230709923703,0.9777378733882757
15 : 0.4132008566365232,0.13394444369600417,0.2687729966349543,0.9165352747323251
MatA_indexed
2 : 1.0,0.8037718038681148,0.8042039955540985,0.9469868898439251,0.7027035102533201,1.237387124022476E-9,0.865986510134633,1.504925282073691E-8,0.6015397493517,0.3117430071418077
6 : 0.8037718038681148,1.0,0.9835722987668801,0.9288958318075753,0.9675236540114022,2.1721067463082576E-7,0.9852180109384452,2.7379727239023257E-5,0.9167460337993556,0.9029106115419647
8 : 0.8042039955540985,0.9835722987668801,1.0,0.7842614005607099,0.9976170639821182,5.5788056173003E-12,0.9927231139083229,7.394712825163731E-9,0.9963921082154058,0.9824085809563539
12 : 0.9469868898439251,0.9288958318075753,0.7842614005607099,1.0,0.7254786580230219,1.1640767981390479E-5,0.9464037164253414,2.0385906487802374E-4,0.6018181209230817,0.3854636650039329
14 : 0.7027035102533201,0.9675236540114022,0.9976170639821182,0.7254786580230219,1.0,4.652900130792577E-10,0.9864999210689083,2.799686302639439E-7,0.998735648821384,0.9902124008374191
1 : 1.237387124022476E-9,2.1721067463082576E-7,5.5788056173003E-12,1.1640767981390479E-5,4.652900130792577E-10,1.0,2.4942870513110746E-9,0.9699283756971935,2.991154601034009E-13,1.2335509504648377E-13
5 : 0.865986510134633,0.9852180109384452,0.9927231139083229,0.9464037164253414,0.9864999210689083,2.4942870513110746E-9,1.0,1.0480741354456419E-6,0.9804812660221247,0.9191195565486411
9 : 1.504925282073691E-8,2.7379727239023257E-5,7.394712825163731E-9,2.0385906487802374E-4,2.799686302639439E-7,0.9699283756971935,1.0480741354456419E-6,1.0,1.556355334171419E-9,2.157064734885121E-9
11 : 0.6015397493517,0.9167460337993556,0.9963921082154058,0.6018181209230817,0.998735648821384,2.991154601034009E-13,0.9804812660221247,1.556355334171419E-9,1.0,0.9947870387641289
13 : 0.3117430071418077,0.9029106115419647,0.9824085809563539,0.3854636650039329,0.9902124008374191,1.2335509504648377E-13,0.9191195565486411,2.157064734885121E-9,0.9947870387641289,1.0
MatB_indexed
0 : 0.6422863328710977,0.8521015484126043,0.9846723884712127,0.645114865548993,0.9879973357073649,3.4377105885819135E-14,0.984272348223395,2.7059788306382875E-10,0.9985389477615266,0.9626937772012703
4 : 0.9810668702281103,0.7849974975728744,0.717324451942423,0.9797631401494161,0.5414361469017499,1.7907057137744593E-10,0.8764068713468918,1.026541472996228E-8,0.48531486941326857,0.231207156644604
10 : 0.531259270046889,0.9808007273555603,0.9952673441509154,0.6818713014744661,0.9856055438686048,3.065300187601902E-12,0.9813693867163723,2.061146919234975E-8,0.988372072993536,0.993952834194996
3 : 8.205710585275097E-10,6.040821177625373E-7,4.034766379692068E-11,8.366378626295644E-6,4.365672277000553E-9,0.9981727812257523,7.481888619927287E-9,0.9830521086923855,4.859806786491877E-12,4.303265094953094E-12
7 : 1.321397693458509E-12,1.602925633567877E-9,7.739576317888373E-15,2.033338874141087E-7,2.6930624131650084E-12,0.9973861799144761,1.547204757333963E-11,0.9670010461144657,7.1907083614079E-16,3.0132216547405747E-16
15 : 9.013135661178958E-9,9.054683655939026E-6,7.905866930778633E-10,4.966133696557185E-5,2.736016774204844E-8,0.9902042433496846,6.167723323934764E-8,0.979860969705263,4.1761654257589127E-11,7.677940326039426E-11
a
6.036935482434239,7.488665841671652,7.54117856934418,6.319523782420449,7.368771137431494,1.969940237878815,7.676433145614839,1.9701609686894619,7.090499967453836,6.486644862951437
b
2.1546124829811246,2.617909433709738,2.6972641853954933,2.3068075382223543,2.515039058206253,2.9857632046720832,2.8420486754612533,2.929914155659596,2.4722258902149536,2.187853768121953
D1
8.191547965415364,10.10657527538139,10.238442754739673,8.626331320642803,9.883810195637746,4.955703442550898,10.518481821076092,4.900075124349058,9.56272585766879,8.67449863107339
D1 -1/2
0.3493952614331154,0.31455601370937175,0.31252376438745244,0.3404763360319546,0.31808105384518065,0.4492078584462999,0.30833545728960604,0.4517504884596353,0.32337701446688244,0.33952973038186707
A 0
0.12207704871191505,0.08833804228431652,0.0878145103355158,0.11265433546747476,0.07809566642617484,1.9420926670180976E-10,0.09329354743984129,2.375366239882906E-9,0.06796580863744894,0.0369820975372124
0.08833804228431652,0.09894548576073046,0.09669128414733433,0.09948370231719998,0.0968049099989107,3.069209276473634E-8,0.09555508535859497,3.890682043628025E-6,0.09325157578566665,0.09643186324053693
0.0878145103355158,0.09669128414733433,0.09767110330690389,0.08345086067310382,0.0991710056904654,7.831980933456675E-13,0.09566094136036976,1.0440059898548423E-9,0.10069837750336526,0.10424446446869381
0.11265433546747476,0.0994837023172,0.08345086067310381,0.11592413539774446,0.07856866525602337,1.7803931352946022E-6,0.09935433924578364,3.135563434612692E-5,0.06626151177733729,0.04456030837805639
0.07809566642617485,0.0968049099989107,0.09917100569046539,0.07856866525602337,0.1011755568152607,6.64827350661494E-11,0.09675163794419515,4.0229608384410204E-8,0.10273005026030571,0.10694093356733107
1.9420926670180976E-10,3.069209276473635E-8,7.831980933456675E-13,1.7803931352946022E-6,6.64827350661494E-11,0.201787700089911,3.4547549440042643E-10,0.19682743867841238,4.345055748397313E-14,1.8814047928456116E-14
0.09329354743984129,0.09555508535859498,0.09566094136036976,0.09935433924578364,0.09675163794419517,3.4547549440042643E-10,0.09507075422199047,1.459869731027567E-7,0.09776241400105867,0.09622175751363027
2.375366239882906E-9,3.890682043628025E-6,1.0440059898548421E-9,3.135563434612692E-5,4.0229608384410204E-8,0.19682743867841238,1.459869731027567E-7,0.20407850382351908,2.2736129617038256E-10,3.308564595888248E-10
0.06796580863744894,0.09325157578566665,0.10069837750336527,0.06626151177733729,0.10273005026030571,4.345055748397313E-14,0.09776241400105867,2.2736129617038254E-10,0.10457269348551429,0.10922374766557247
0.0369820975372124,0.09643186324053693,0.10424446446869381,0.0445603083780564,0.10694093356733109,1.8814047928456116E-14,0.09622175751363028,3.3085645958882484E-10,0.10922374766557245,0.11528043781318334
